0
1
2
3
4
5
6
7
8
9
10
11
12
13
14
15
16
17
18
19
20
21
22
23
24
25
26
27
28
29
30
31
space 32  
! 33 + 5,-1 5,7 - + 5,9 5,11 
" 34 + 4,0 4,3 - + 6,0 6,3  
# 35  
$ 36  
% 37 + 10,0 0,10 - + 0,0 0,3 - + 10,7 10,10  
& 38 + 5,0 5,10 - + 8,1 2,3 8,5 2,7 8,9  
' 39 + 5,0 5,3  
( 40  
) 41  
* 42 + 5,0 5,10 - + 0,8 10,2 - + 10,8 0,2 
plus 43 + 0,6 4,6 4,10 6,10 6,6 10,6 10,4 6,4 6,0 4,0 4,4 0,4 0,6
comma 44 + 6,8 4,12 
minus 45 + 0,4 0,6 10,6 10,4 0,4
. 46 + 4,0 4,2 6,2 6,0 4,0
/ 47 + 0,0 10,10 
0 48 + 0,0 0,10 10,10 10,0 0,0 - + 2,4 2,8 6,8 2,4 - + 4,2 8,6 8,2 4,2
1 49 + 4,0 4,10 6,10 6,0 4,0 
2 50 + 0,10 10,10 10,4 2,4 2,2 10,2 10,0 0,0 0,6 8,6 8,8 0,8 0,10
3 51 + 0,10 10,10 10,0 0,0 0,2 8,2 8,4 0,4 0,6 8,6 8,8 0,8 0,10
4 52 + 0,10 2,10 2,6 8,6 8,10 10,10 10,0 8,0 8,4 0,4 0,10
5 53 + 0,10 10,10 10,8 2,8 2,6 10,6 10,0 0,0 0,2 8,2 8,4 0,4 0,10
6 54 + 0,10 10,10 10,8 2,8 2,6 10,6 10,0 0,0 0,10 - + 2,4 8,4 8,2 2,2 2,4
7 55 + 0,10 10,10 10,0 8,0 8,8 0,8 0,10
8 56 + 0,0 10,0 10,10 0,10 0,0 - + 2,8 8,8 8,6 2,6 2,8 - + 2,4 8,4 8,2 2,2 2,4
9 57 + 0,10 10,10 10,0 0,0 0,2 8,2 8,4 0,4 0,10 - + 2,8 8,8 8,6 2,6 2,8
: 58 + 5,0 5,2 - + 5,4 5,6 
; 59 + 5,4 5,6 - + 6,8 4,12 
< 60 + 8,8 2,5 8,2
= 61 + 8,8 2,8 - + 2,2 8,2
> 62 + 2,8 5,8 2,2
? 63 + 0,0 10,0 10,3 5,6 5,7 - + 5,9 5,11 
@ 64 + 7,7 7,3 3,3 3,7 10,7 10,0 0,0 0,10 10,10
A 65 + 0,0 0,10 10,10 10,0 - + 0,5 10,5
B 66 + 0,5 0,0 10,0 7,5 0,5 0,10 10,10 7,5 
C 67 + 10,10 0,10 0,0 10,0
D 68 + 0,0 0,10 10,10 5,0 0,0
E 69 + 10,10 0,10 0,0 10,0 - + 0,5 10,5
F 70 + 10,10 0,10 0,0 - + 0,5 10,5
G 71 + 10,10 0,10 0,0 10,0 10,5 5,5
H 72 + 0,10 0,0 - + 10,10 10,0 - + 0,5 10,5
I 73 + 0,10 10,10 - + 0,0 10,0 - + 5,10 5,0
J 74 + 0,10 10,10 - + 5,10 5,0 0,0
K 75 + 0,10 0,0 - + 10,10 0,5 10,0
L 76 + 0,10 0,0 10,0
M 77 + 0,0 0,10 5,5 10,10 10,0
N 78 + 0,0 0,10 10,0 10,10
O 79 + 0,0 0,10 10,10 10,0 0,0
P 80 + 0,0 0,10 10,10 10,5 0,5
Q 81 + 0,0 0,10 10,10 10,0 0,0 - + 5,5 15,15
R 82 + 0,0 0,10 10,10 10,5 0,5 10,0
S 83 + 10,10 0,10 0,5 10,5 10,0 0,0
T 84 + 0,10 10,10 - + 5,10 5,0
U 85 + 0,10 0,0 10,0 10,10
V 86 + 0,10 5,0 10,10
W 87 + 0,10 0,0 5,5 10,0 10,10
X 88 + 0,10 10,0 - + 10,10 0,0
Y 89 + 0,10 5,5 10,10 - + 5,5 5,0
Z 90 + 0,10 10,10 0,0 10,0
[ 91 + 7,-2 4,-2 4,12 7,12 
backslash 92 
] 93 + 3,-2 6,-2 6,12 3,12 
^ 94 
_ 95 
` 96 
a 97 
b 98 
c 99 
d 100 
e 101 
f 102 
g 103 
h 104 
i 105 
j 106 
k 107 
l 108 
m 109 
n 110 
o 111 
p 112 
q 113 
r 114 
s 115 
t 116 
u 117 
v 118 
w 119 
x 120 
y 121 
z 122 
{ 123 
| 124 
} 125 
~ 126 + 2,2 2,8 8,2 8,8 2,2
del 127 
plush 96 + 2,9 2,11 9,11 9,18 11,18 11,11 18,11 18,9 11,9 11,2 9,2 9,9 2,9
arrow-right 97 + 0,5 5,5 5,8 10,5 5,2 5,5
arrow-left 98 + 10,5 0,5 2,8 2,2 0,5 