0
1
2
3
4
5
6
7
8
9
10
11
12
13
14
15
16
17
18
19
20
21
22
23
24
25
26
27
28
29
30
31
space 32  
! 33 + 5,-1 5,7 - + 5,9 5,11 
" 34 + 4,0 4,3 - + 6,0 6,3  
# 35  
$ 36  
% 37 + 0,0 10,10 - + 0,10 0,7 - + 10,0 10,3
& 38 + 5,0 5,10 - + 8,1 2,3 8,5 2,7 8,9  
' 39 + 5,0 5,3  
( 40  
) 41  
* 42 + 5,0 5,10 - + 0,8 10,2 - + 10,8 0,2 
plus 43 + 0,5 10,5 - + 5,0 5,10 
comma 44 + 5,3 4,-1
minus 45 + 0,5 10,5 
. 46 + 5,0 5,3 
/ 47 + 0,0 10,10 
0 48 + 0,0 0,10 10,10 10,0 0,0 10,10
1 49 + 5,0 5,10 
2 50 + 10,0 0,0 0,5 10,5 10,10 0,10 
3 51 + 0,0 10,0 10,10 0,10 - + 0,5 10,5 
4 52 + 10,0 10,10 - + 10,5 0,5 0,10 
5 53 + 0,0 10,0 10,5 0,5 0,10 10,10 
6 54 + 10,10 0,10 0,0 10,0 10,5 0,5 
7 55 + 0,10 10,10 10,0 
8 56 + 0,0 10,0 10,10 0,10 0,0 - + 0,5 10,5 
9 57 + 0,0 10,0 10,10 0,10 0,5 10,5
: 58 + 5,0 5,2 - + 5,4 5,6 
; 59 + 5,4 5,6 - + 6,8 4,12 
< 60 + 8,8 2,5 8,2
= 61 + 8,8 2,8 - + 2,2 8,2
> 62 + 2,8 5,8 2,2
? 63 + 0,0 10,0 10,3 5,6 5,7 - + 5,9 5,11 
@ 64 + 7,7 7,3 3,3 3,7 10,7 10,0 0,0 0,10 10,10
A 65 + 0,0 0,10 10,10 10,0 - + 0,5 10,5
B 66 + 0,5 0,0 10,0 7,5 0,5 0,10 10,10 7,5 
C 67 + 10,10 0,10 0,0 10,0
D 68 + 0,0 0,10 7,10 10,5 7,0 0,0
E 69 + 10,10 0,10 0,0 10,0 - + 0,5 10,5
F 70 + 10,10 0,10 0,0 - + 0,5 10,5
G 71 + 10,10 0,10 0,0 10,0 10,5 5,5
H 72 + 0,10 0,0 - + 10,10 10,0 - + 0,5 10,5
I 73 + 0,10 10,10 - + 0,0 10,0 - + 5,10 5,0
J 74 + 0,10 10,10 - + 5,10 5,0 0,0
K 75 + 0,10 0,0 - + 10,10 0,5 10,0
L 76 + 0,10 0,0 10,0
M 77 + 0,0 0,10 5,5 10,10 10,0
N 78 + 0,0 0,10 10,0 10,10
O 79 + 0,0 0,10 10,10 10,0 0,0
P 80 + 0,0 0,10 10,10 10,5 0,5
Q 81 + 0,0 0,10 10,10 10,0 0,0 - + 5,5 13,-3
R 82 + 0,0 0,10 10,10 10,5 0,5 10,0
S 83 + 10,10 0,10 0,5 10,5 10,0 0,0
T 84 + 0,10 10,10 - + 5,10 5,0
U 85 + 0,10 0,0 10,0 10,10
V 86 + 0,10 5,0 10,10
W 87 + 0,10 0,0 5,5 10,0 10,10
X 88 + 0,10 10,0 - + 10,10 0,0
Y 89 + 0,10 5,5 10,10 - + 5,5 5,0
Z 90 + 0,10 10,10 0,0 10,0
[ 91 + 7,-2 4,-2 4,12 7,12 
backslash 92 
] 93 + 3,-2 6,-2 6,12 3,12 
^ 94 
_ 95 + 0,0 10,0 
` 96 
a 97 
b 98 
c 99 
d 100 
e 101 
f 102 
g 103 
h 104 
i 105 
j 106 
k 107 
l 108 
m 109 
n 110 
o 111 
p 112 
q 113 
r 114 
s 115 
t 116 
u 117 
v 118 
w 119 
x 120 
y 121 
z 122 
{ 123 
| 124 
} 125 
~ 126 + 2,2 2,8 8,2 8,8 2,2
del 127 
plush 128 + 2,9 2,11 9,11 9,18 11,18 11,11 18,11 18,9 11,9 11,2 9,2 9,9 2,9
arrow-right 129 + 0,5 5,5 5,8 10,5 5,2 5,5
arrow-left 130 + 10,5 0,5 2,8 2,2 0,5 
arrow-up 131 + 5,0 5,5 2,5 5,10 8,5 5,5
wedge-sm 132 + 3,0 5,5 7,0 3,0
wedge-lg 133 + 3,0 5,10 7,0 3,0
treasure 134 + 0,1 4,5 0,9 1,10 5,6 9,10 10,9 6,5 10,1 9,0 5,4 1,0 0,1
losenge 135 + 0,5 5,10 10,5 5,0 0,5
oddity 136 + 10.000,5.000 9.619,6.913 8.536,8.536 6.913,9.619 5.000,10.000 3.087,9.619 1.464,8.536 0.381,6.913 0.000,5.000 0.381,3.087 1.464,1.464 3.087,0.381 5.000,0.000 6.913,0.381 8.536,1.464 9.619,3.087 10.000,5.000
137
138
139
140
141
142
143
144
145
146
147
148
149
150
151
152
153
154
155
156
157
158
159
160
161
162
163
164
165
166
167
168
169
170
171
172
173
174
175
176
177
178
179
180
181
182
183
184
185
ยบ 186 + 3,6 3,10 6,10 6,6 3,6
187
188
189
190
191
192
193
194
195
196
197
198
199
200
201
202
203
204
205
206
207
208
209
210
211
212
213
214
215
216
217
218
219
220
221
222
223
224
225
226
227
228
229
230
231
232
233
234
235
236
237
238
239
240
241
242
243
244